2073
2086
2087
2082
2078
2078
2080
2085
2098
2107
2109
2112
2113
2114
2119
2144
2205
2309
2436
2574
2715
2849
2957
3023
3090
3173
3247
3281
3267
3215
3139
3067
2993
2901
2770
2601
2413
2244
2122
2053
2027
2040
2071
2096
2106
2107
2109
2124
2143
2158
2169
2172
2169
2163
2146
2124
2104
2083
2069
2066
2072
2081
2084
2090
2101
2118
2131
2144
2153
2158
2157
2147
2133
2123
2112
2108
2115
2135
2157
2176
2184
2180
2167
2154
2150
2153
2158
2162
2159
2149
2147
2159
2182
2209
2224
2221
2203
2179
2161
2152
2158
2184
2221
2252
2266
2266
2257
2250
2254
2276
2298
2307
2296
2273
2252
2241
2237
2244
2260
2286
2308
2309
2297
2278
2268
2265
2271
2291
2318
2344
2363
2374
2378
2381
2387
2401
2411
2413
2412
2405
2389
2368
2358
2354
2351
2345
2331
2316
2309
2319
2343
2363
2365
2344
2312
2274
2237
2213
2201
2201
2216
2223
2213
2182
2141
2105
2075
2048
2022
2003
1980
1949
1921
1911
1916
1937
1967
2005
2049
2084
2105
2103
2076
2034
1991
1955
1935
1931
1929
1928
1921
1912
1913
1935
1978
2025
2064
2090
2093
2075
2053
2030
2012
2006
2011
2021
2025
2021
2013
2015
2031
2048
2052
2045
2029
2014
2000
1993
1990
1993
1998
1997
1988
1979
1975
1982
1998
2006
2009
2010
1998
1985
1983
1995
2016
2039
2062
2080
2081
2067
2051
2039
2032
2041
2062
2075
2073
2062
2055
2050
2055
2068
2079
2088
2090
2083
2071
2061
2053
2049
2049
2059
2066
2068
2066
2065
2068
2083
2106
2127
2146
2151
2148
2142
2134
2121
2101
2078
2050
2026
2010
1994
1988
1999
2014
2023
2031
2031
2024
2007
1992
1985
1985
1997
2009
2026
2043
2056
2066
2061
2064
2077
2093
2101
2100
2083
2055
2034
2039
2062
2081
2087
2085
2084
2078
2073
2068
2071
2078
2097
2114
2127
2135
2130
2107
2085
2077
2077
2077
2083
2078
2059
2037
2025
2025
2026
2031
2036
2033
2015
1996
2000
2026
2051
2080
2106
2120
2116
2113
2120
2137
2155
2163
2166
2161
2151
2137
2120
2100
2095
2104
2120
2130
2126
2107
2088
2075
2075
2084
2091
2097
2096
2086
2071
2062
2068
2089
2109
2132
2155
2167
2168
2170
2175
2187
2195
2196
2183
2153
2124
2102
2089
2096
2121
2153
2186
2213
2223
2222
2215
2205
2211
2226
2239
2249
2244
2229
2223
2221
2221
2230
2238
2234
2221
2209
2203
2199
2204
2225
2261
2280
2267
2228
2180
2138
2109
2098
2092
2084
2087
2101
2111
2117
2123
2133
2143
2147
2141
2125
2106
2084
2071
2068
2072
2081
2094
2107
2109
2114
2121
2117
2105
2098
2088
2076
2070
2063
2055
2057
2069
2081
2088
2091
2086
2077
2057
2043
2048
2077
2130
2208
2323
2459
2605
2765
2927
3071
3196
3295
3327
3294
3215
3136
3071
3027
2979
2891
2750
2553
2335
2146
2025
1986
2018
2085
2148
2183
2183
2156
2120
2106
2111
2133
2157
2176
2184
2182
2171
2156
2140
2133
2126
2105
2075
2042
2017
2004
2009
2037
2077
2122
2172
2212
2234
2235
2219
2199
2188
2188
2191
2180
2159
2141
2129
2124
2133
2154
2177
2191
2195
2195
2187
2182
2178
2185
2200
2211
2213
2213
2217
2227
2233
2237
2231
2216
2201
2193
2190
2198
2218
2245
2276
2308
2329
2328
2319
2315
2319
2331
2345
2342
2327
2305
2289
2279
2278
2287
2297
2309
2317
2319
2316
2319
2329
2341
2359
2373
2378
2377
2368
2357
2346
2342
2354
2373
2391
2397
2386
2363
2337
2315
2298
2298
2297
2287
2282
2271
2264
2270
2283
2294
2302
2311
2307
2282
2242
2194
2152
2128
2130
2139
2148
2143
2129
2105
2077
2055
2041
2027
2016
2008
1993
1981
1972
1967
1976
1999
2018
2027
2035
2031
2021
2011
2007
2004
2002
2000
1992
1985
1975
1961
1954
1964
1991
2016
2031
2036
2031
2027
2029
2040
2059
2072
2080
2070
2048
2023
2015
2018
2030
2051
2065
2076
2079
2070
2055
2048
2045
2050
2049
2050
2051
2048
2039
2036
2043
2058
2071
2073
2066
2049
2026
2005
1995
2010
2046
2096
2148
2187
2200
2191
2169
2147
2131
2121
2113
2102
2081
2055
2034
2027
2033
2048
2069
2091
2099
2097
2103
2115
2125
2131
2132
2122
2113
2113
2123
2149
2166
2160
2139
2117
2105
2091
2079
2072
2067
2073
2088
2098
2103
2107
2109
2114
2122
2126
2126
2125
2122
2108
2082
2048
2020
2009
2004
1996
2012
2037
2059
2090
2130
2171
2215
2230
2197
2138
2081
2050
2047
2068
2096
2110
2105
2083
2048
2009
1992
1999
2023
2062
2087
2104
2125
2146
2171
2186
2182
2174
2176
2181
2169
2145
2131
2132
2141
2148
2152
2150
2139
2135
2147
2150
2137
2131
2131
2129
2108
2083
2055
2036
2049
2082
2126
2183
2233
2256
2249
2242
2239
2240
2245
2257
2261
2259
2250
2229
2211
2185
2173
2160
2149
2141
2131
2122
2118
2113
2111
2121
2132
2122
2107
2101
2092
2082
2069
2068
2069
2076
2075
2067
2054
2048
2054
2071
2091
2106
2106
2085
2061
2048
2039
2037
2044
2054
2056
2066
2083
2098
2103
2094
2089
2089
2081
2075
2074
2083
2103
2135
2190
2278
2402
2532
2658
2780
2892
2985
3053
3083
3066
3002
2909
2813
2746
2719
2704
2670
2592
2455
2280
2113
1981
1919
1925
1982
2067
2156
2224
2247
2219
2170
2122
2083
2061
2053
2054
2061
2065
2059
2052
2053
2069
2090
2103
2100
2079
2045
2021
2020
2031
2061
2096
2121
2135
2146
2159
2176
2188
2202
2190
2135
2048
1953
1887
1884
1943
2024
2097
2150
2183
2190
2173
2140
2107
2073
2050
2039
2041
2048
2035
2013
2007
2038
2090
2143
2194
2246
2297
2346
2390
2431
2459
2438
2393
2331
2243
2129
2042
2025
2074
2173
2278
2353
2385
2391
2379
2362
2326
2283
2250
2227
2207
2191
2186
2196
2212
2269
2364
2429
2439
2398
2294
2173
2059
1981
1925
1874
1793
1634
