2148,
2131,
2132,
2152,
2101,
2087,
2055,
2029,
2050,
2053,
2077,
2083,
2064,
2094,
2106,
2107,
2106,
2061,
2026,
2009,
1996,
2042,
2168,
2146,
2085,
2017,
1992,
2015,
2065,
2082,
2099,
2124,
2086,
2066,
2048,
2073,
2094,
2088,
2114,
2125,
2112,
2071,
2043,
2057,
2075,
2085,
2106,
2128,
2143,
2104,
2196,
2280,
2257,
2159,
2067,
2038,
2078,
2057,
2026,
2002,
1986,
2034,
2066,
2068,
2131,
2190,
2221,
2043,
1922,
2044,
2088,
2054,
2108,
2141,
2109,
2106,
2114,
2115,
2135,
2111,
2105,
2141,
2139,
2107,
2091,
2085,
2061,
2066,
2123,
2162,
2134,
2143,
2229,
2172,
2071,
2139,
2147,
2127,
2117,
2057,
2078,
2129,
2136,
2116,
2117,
2130,
2094,
2051,
2080,
2107,
2095,
2071,
2180,
2164,
2099,
2108,
2133,
2116,
2098,
2121,
2154,
2184,
2135,
2153,
2144,
2152,
2233,
2273,
2322,
2273,
2191,
2204,
2208,
2229,
2215,
2148,
2171,
2229,
2314,
2373,
2285,
2224,
2193,
2160,
2182,
2200,
2179,
2166,
2157,
2179,
2131,
2040,
2005,
2060,
2121,
2148,
2143,
2144,
2184,
2117,
2037,
2009,
2088,
2112,
2099,
2097,
2129,
2160,
2123,
2091,
2127,
2148,
2138,
2160,
2145,
2136,
2186,
2188,
2121,
2117,
2162,
2198,
2181,
2135,
2024,
1999,
2118,
2187,
2198,
2178,
2176,
2176,
2197,
2255,
2273,
2309,
2432,
2569,
2611,
2614,
2698,
2803,
2692,
2633,
2669,
2642,
2595,
2581,
2603,
2663,
2589,
2567,
2619,
2568,
2499,
2364,
2202,
2231,
2329,
2294,
2305,
2343,
2340,
2304,
2298,
2336,
2415,
2403,
2323,
2257,
2230,
2215,
2193,
2266,
2282,
2233,
2227,
2280,
2327,
2324,
2306,
2278,
2289,
2238,
2194,
2248,
2272,
2260,
2285,
2287,
2304,
2333,
2406,
2373,
2303,
2317,
2382,
2408,
2320,
2292,
2286,
2331,
2393,
2383,
2345,
2329,
2246,
2222,
2296,
2304,
2372,
2364,
2327,
2324,
2314,
2301,
2336,
2331,
2314,
2366,
2353,
2381,
2407,
2405,
2351,
2280,
2331,
2364,
2323,
2383,
2444,
2447,
2433,
2425,
2431,
2423,
2446,
2465,
2439,
2439,
2454,
2437,
2356,
2371,
2460,
2478,
2470,
2456,
2428,
2487,
2531,
2493,
2463,
2497,
2509,
2543,
2507,
2483,
2534,
2482,
2401,
2391,
2440,
2488,
2533,
2506,
2492,
2493,
2505,
2510,
2494,
2465,
2474,
2440,
2409,
2424,
2436,
2423,
2324,
2287,
2297,
2287,
2309,
2308,
2264,
2290,
2323,
2353,
2282,
2167,
2127,
2140,
2138,
2115,
2106,
2184,
2161,
2141,
2101,
2019,
2051,
2079,
2080,
2073,
2025,
2031,
2027,
2020,
1972,
1957,
1975,
2043,
2069,
2095,
2107,
2064,
2061,
2053,
2062,
2097,
2099,
2111,
2159,
2136,
2076,
2043,
2064,
2112,
2039,
1975,
2010,
2049,
2057,
2077,
2051,
2057,
2129,
2145,
2090,
2081,
2087,
1987,
1930,
1999,
2103,
2157,
2071,
1992,
2038,
2033,
2033,
2039,
2058,
2059,
2058,
2083,
2061,
2058,
2063,
2026,
2056,
2107,
2090,
2116,
2125,
2117,
2076,
2074,
2122,
2093,
2026,
2081,
2107,
2130,
2245,
2199,
2076,
2012,
2067,
2056,
2093,
2052,
2013,
2040,
2066,
2068,
2042,
2053,
2056,
2098,
2127,
2093,
2071,
2051,
2082,
2092,
2055,
2050,
2072,
2068,
2056,
2043,
2014,
2020,
2068,
2106,
2122,
2135,
2109,
2079,
2086,
2107,
2063,
2043,
2096,
2095,
2132,
2135,
2108,
2099,
2178,
2221,
2075,
2029,
2021,
1986,
1987,
1959,
2003,
2026,
2009,
2027,
2021,
2046,
2090,
2055,
2063,
2109,
2172,
2168,
2045,
2015,
2024,
2044,
2080,
2091,
2082,
2093,
2093,
2102,
2102,
2095,
2083,
2139,
2110,
2036,
2023,
2022,
1999,
2029,
2140,
2105,
2017,
2048,
2127,
2059,
2065,
2057,
2030,
2080,
2086,
2109,
2071,
2021,
2108,
2095,
1999,
2007,
2048,
2056,
2123,
2115,
2111,
2035,
2012,
2117,
2170,
2126,
2109,
2104,
2082,
2087,
2167,
2222,
2243,
2266,
2239,
2171,
2216,
2204,
2167,
2138,
2180,
2165,
2073,
2017,
2139,
2223,
2167,
2135,
2091,
2136,
2148,
2147,
2217,
2280,
2208,
2057,
2015,
2070,
2116,
2109,
2125,
2123,
2087,
2057,
2048,
2035,
2115,
2101,
2071,
2075,
2031,
2024,
2095,
2102,
2058,
2113,
2204,
2180,
2163,
2099,
1947,
1908,
1997,
2000,
2053,
2087,
2056,
2069,
2024,
1998,
2043,
2048,
2003,
2035,
2121,
2148,
2119,
2123,
2100,
2133,
2162,
2230,
2276,
2266,
2331,
2433,
2507,
2595,
2608,
2621,
2602,
2639,
2593,
2423,
2317,
2307,
2357,
2429,
2516,
2537,
2533,
2440,
2319,
2191,
2167,
2020,
1992,
2068,
2043,
2057,
2111,
2115,
2103,
2126,
2142,
2149,
2136,
2052,
2048,
2075,
2060,
2069,
2107,
2161,
2178,
2149,
2157,
2181,
2134,
2114,
2135,
2132,
2156,
2173,
2207,
2161,
2140,
2186,
2163,
2183,
2204,
2242,
2212,
2155,
2172,
2125,
2103,
2135,
2075,
2106,
2107,
2125,
2156,
2171,
2148,
2140,
2207,
2229,
2263,
2394,
2247,
2085,
2098,
2203,
2206,
2231,
2220,
2196,
2190,
2227,
2220,
2233,
2282,
2303,
2310,
2290,
2250,
2209,
2199,
2243,
2218,
2271,
2296,
2244,
2241,
2303,
2318,
2298,
2316,
2361,
2388,
2407,
2398,
2349,
2284,
2245,
2287,
2302,
2355,
2348,
2333,
2342,
2387,
2407,
2386,
2347,
2324,
2430,
2439,
2396,
2275,
2282,
2336,
2328,
2300,
2320,
2322,
2339,
2393,
2385,
2358,
2340,
2348,
2310,
2218,
2271,
2253,
2165,
2174,
2191,
2202,
2216,
2267,
2232,
2148,
2105,
2107,
2040,
2025,
2024,
1997,
2049,
2064,
2070,
2093,
2061,
2002,
1996,
2024,
2042,
1930,
1903,
1949,
1963,
1937,
2007,
2039,
2009,
2015,
2018,
2037,
2063,
2039,
1985,
2004,
2024,
1974,
1957,
1946,
1957,
1961,
1946,
2005,
2034,
1951,
1943,
1961,
2013,
2038,
2036,
2048,
2022,
2051,
2035,
1957,
1942,
1966,
1947,
1923,
1937,
1900,
1978,
2065,
2059,
2070,
2077,
2089,
2105,
2082,
2003,
1983,
2012,
2027,
2030,
2059,
2043,
2045,
2073,
2135,
2111,
2026,
1994,
2010,
2007,
2094,
2128,
2097,
2050,
2031,
2098,
2095,
1996,
1997,
2069,
2087,
2036,
2013,
1958,
1965,
2039,
2007,
1979,
2030,
2041,
2027,
2068,
2021,
1964,
2061,
2081,
2014,
2061,
2048,
2014,
2013,
2079,
2056,
2031,
2077,
2092,
2083,
2057,
2028,
2025,
1991,
1997,
2036,
2055,
2066,
2090,
2089,
2056,
2035,
1985,
1939,
2028,
2143,
2148,
2030,
1919,
1987,
2077,
2013,
1976,
2005,
2064,
2065,
2035,
1997,
1960,
2017,
2044,
2050,
2041,
2064,
2059,
2077,
2074,
2031,
2029,
2017,
2061,
2028,
2029,
2029,
2004,
2056,
2107,
2085,
2095,
2101,
2072,
2103,
2106,
2091,
2093,
2092,
2079,
2107,
2081,
2111,
2099,
2078,
2076,
2051,
2122,
2179,
2141,
2075,
2087,
2146,
2121,
2095,
2077,
2107,
2092,
2060,
2108,
2145,
2154,
2142,
2141,
2151,
2112,
2042,
2066,
2109,
2088,
2084,
2089,
2093,
2109,
2101,
2091,
2082,
2075,
2008,
1970,
2022,
2059,
2075,
2080,
2057,
2060,
2013,
1926,
1916,
1928,
1985,
2010,
2036,
2069,
2072,
2074,
2056